[NI Configuration]
NI1 = 30585101.000000    
NI2 = 30585101.000000    